1553373000
1959227132
1976424393
1815248662
1369569351
1907487295
1877852037
2048561010
1700104042
1837588924
1648097674
1344386244
1946612520
1238254314
1463598575
2168930391
1707653783
1706140605
1228878893
2540800704
3052123785
1934177213
1946612520
2743192190
1238254314
1463598575
2168930391
1827705387
3014072413
1706140605
1414757753
1228878893
2540800704
2989232713
2668984951
1832043422
1702868234
2617492651
2381730544
1727606013
1863269144
1884026712
1846763195
2278637492
1751302112
1949256825
1997952265
1881915194
1767279173
1610327837
2557784822
1748499511
1981012057
2120837661
1065905700
1922488004
2283108071
1659433171
1779881627
1763412665
1140228257
1830803953
1748432320
2715262995
1848008502
1857054994
1553136051
1462322774
1806666893
2283001625
1804012513
2708141292
1184186315
1863269144
2358441357
2447007267
1751469034
1840270674
1790189027
1287392263
1304023874
2401244937
2811309742
1947967331
1940220970
2990812952
2169279845
1527179201
1406132541
2921244240
1763321141
1660679190
1288192102
1251170074
1809913530
1832794843
2123250411
3106291493
1229755464
1684013662
2283108071
2703938204
1659433171
1779881627
1763412665
1736578401
3180215795
1830803953
2434567604
1816601451
1613568297
2715262995
2690448081
2115784660
2989868713
1848008502
1857054994
2640149481
1553136051
1462322774
1744853454
1340952973
2638968391
2334601344
2352208962
1926583687
1896248673
1184959067
2217172545
1767933233
1836973063
1987380091
2682903262
1735861392
1710627560
1282974254
2366463304
2014549962
1404792355
2040549321
3182723593
1287392263
1304023874
2401244937
2084111055
2821239955
1866018752
2800408464
2811309742
1901481625
1947967331
3137383273
1940220970
1707557842
1960144345
3036978593
1782302412
2643308783
2990812952
2169279845
1946612520
2618396135
1748078050
1050228285
2154331943
1657998522
2811234760
2365518460
1214540670
2050474793
1750948232
1972629321
2610563795
2722508771
1031505733
3168281857
1888078084
2785823830
1863269144
1046303051
2022250695
2471869123
2184546163
2507563724
1280388823
2614809697
2368028933
1890738792
2627641141
1951349093
3060084415
1777127403
1841050982
2010794707
2255407670
2004786201
2402143327
2179660767
1854665084
1735459860
2013259703
1660281147
1510412494
2710557417
2123389097
1731233825
2243253615
1918994295
1240624387
2049712792
2610563795
2604539740
1762922827
1804420970
2501796324
1015261473
1863269144
1946612520
1973143677
1257780955
2597328542
1841817265
2255469561
1757976141
1611968334
1762858695
1896248673
1652231051
1892435862
1549472042
1689198067
2009672085
2861293960
1193041677
1800353451
1036124532
2728116115
1832248470
2908502637
2412695645
1970565115
1855826585
1949849540
1400979190
1829762727
2785823830
2586502370
1609479227
1146213294
2269214723
1748809863
2120152741
1772255693
1923942323
2219136182
1757912303
1744644131
3084712071
1742678890
2421554040
1881062327
2908775165
1887529057
2785105150
1924827482
1240624387
1691494042
3039131961
1897263665
1221591590
2971090565
1690513482
3108562957
1590041610
3191872901
3090081847
1849720181
2668163837
2657734297
2101113595
2156769572
2670781513
1849976853
1920358011
1997233077
1674063371
2134605963
1915296774
3077412931
2351776805
1509317537
2176067474
2172803927
1509243895
1661294341
1403288957
1736563907
1788708631
1942812207
1657378124
1240706552
1892554891
1580296437
1925542582
1351086904
2155314680
1866480764
1703005334
1912672943
2101684401
1409129060
1729461942
1686918375
1245659567
1946612520
1907448021
1469498011
2991589443
2982995043
1894026394
1727335044
1789756997
2123250411
2213140110
2281753957
1393743420
1401626923
1667812050
1841817265
1997509771
2066912637
1654043297
1765302295
1252643220
1358804463
1400646293
1762139257
1768328560
1980527490
1698121537
2628340171
1823787453
1719156024
1812029577
2605881600
1811169032
1983433917
1650488005
1863269144
1746804371
1764995082
1787132131
1266748890
2204552052
1831893991
1409083192
1698869563
1943321852
2020647237
1837413127
2008520471
1848680877
1655433262
2338767955
1634638710
2073719647
1752268417
2667502171
1764995124
2097614481
2073538771
1743623222
2415723321
1829157787
1636455863
2422987105
1655013684
1858679531
1973143677
1770759061
2272924581
1181306977
2607459287
1713103525
1853581442
1893167837
1757040223
1660804261
1755428587
1151543884
1646516053
1795293837
2073538771
1699042071
1765199902
1785472322
1146318531
1794149655
1787426943
1553174510
2454639633
1757976141
1762858695
2695056121
1896248673
1652231051
2640596653
1892435862
3174616647
1689198067
2005539690
1549472042
2009672085
1946612520
1642564447
2088749673
1193041677
1800353451
2518283873
2214170935
1917987862
1863269144
2044843813
1789756997
2166740737
1824877177
2610572551
1748176471
2400467071
2705120073
2139956803
2609486935
1811862623
1781240391
1731070904
1850037053
1611968334
1662637953
2729092997
2715361774
1696590951
1867200504
2422388027
1696590951
2718369834
2536107312
1661464983
1252643220
1930369175
2276401742
1252643220
1841817265
1984897627
2139687025
1069245073
3012127305
1351086904
1832794843
1787169951
1402926794
2422388027
1924205577
1758513273
1527286790
1436306631
2649375114
2614809697
2614809697
1396238715
1800457345
1861797393
1863405063
1569058593
1722500375
1900685725
1783481131
1940275044
1863269144
2558707815
2724230653
2724230653
2724230653
1760964440
2841897260
1911197885
2724230653
2695159101
1704686362
2649242852
1835732001
1946612520
1946612520
1946612520
1946612520
1946612520
1946612520
1946612520
1748176471
1727775287
2253353113
1901834657
2678124710
1684765785
1146213294
2641021521
1573103961
1662637953
1251862242
2609085654
1836708435
1045825375
1589704025
1549472042
1450550143
2707962875
1988250525
1406320502
1840279970
1793487071
1722628512
1756489987
2122848375
1534584925
2122848375
1450550143
2415967437
1792115741
1945228673
1240583177
1756489987
1806048817
1197252387
1752728353
1268020304
1784316467
1252643220
1507260782
1744644131
2614809697
1789756997
1766855757
2614809697
1781501855
1863269144
1389467903
1907852441
1627596220
2271886957
1456909254
1866362191
1615811284
1677821830
2231646605
1450550143
1762859925
2090331351
1880134694
2709814381
2709983552
1590041610
1973838164
1349283160
1250330963
1950246973
1736468740
1739663455
1704686362
2002405327
1828830591
2261845987
1669965495
1744290050
2261845987
1647302982
1770091940
2812032232
1957379211
1682164167
1897762514
2422575285
1365752235
1500264372
2014529327
1787169951
1224686917
1862912401
2116920567
1948477233
2061031041
1969037611
2431646032
2709814381
1902539867
1883350507
1902539867
2164281784
1989040101
1773424424
1946612520
1766586571
1901703045
1900185423
1854037922
:270867736
1943323430
1780586253
2438679914
1558210737
1872112335
2731403815
1229755464
1841997683
1747344507
1688761264
1732656831
2368730135
1709985720
2108648187
1840276812
1943326361
1828307221
1823291261
2057451945
1902539867
2057451945
2812032232
2049828653
1841817265
2156969012
2991589443
2024538663
2308010687
1766112810
1647302982
1837598510
1766465381
2185468811
1832957274
1409589971
2707962875
1811431241
2903292441
1653538652
1683601087
1814033010
2392248620
2257208333
1769519605
1774921851
1640601392
1197252387
2257208333
1783746741
1661464983
1813051310
1217075260
1936418891
1794211454
1735459860
2205328692
2093659437
1912050954
1991284532
2714540967
1583859190
2997180913
1115061461
3008526035
2835982815
3104010885
1392065681
3171051693
2142721564
1861127693
3107933603
1597909327
1612812935
3070798957
1845055040
2255377993
1758911524
1719344895
1810363714
2876741691
2551134600
1344953191
1857046622
3162975407
2304013311
1873721464
2941323050
1766855757
1678930485
2202949224
1876923635
1791140174
1765687347
1765687347
1217149270
1217149270
2474741124
1580575384
1868477444
2471932362
1878276760
1876441163
1851219357
1664611574
1830940857
1217149270
1497002442
2985431627
1708895504
1946612520
3164357237
2658091824
2397439204
2808820514
1769937165
2650817234
1635935710
2650817234
3093912613
1611968334
1736810794
2810209122
1954047027
1725311927
2833865425
3166457905
2630846827
3101663471
1339146932
1830940857
1224081763
1893238031
1229854030
3047810185
1841817265
2219189445
1783889125
2821239955
2709848253
2984758707
1069087092
2292751697
2664110907
1781787680
2501860805
1828571053
1406773913
1994314301
3085350437
2344887687
1262325494
2070981285
2218429042
2244974603
2642187841
1547599880
1878276760
1610153997
2732420563
2703938204
1948573842
1700116301
2422147612
2422147612
2703938204
1409672313
1929013512
3184294575
1065905700
1797291120
1718298122
1657107362
1652206295
2122848375
2033049890
2810017177
1899304875
1266706551
1972192923
1777377547
1967253267
3093140777
3107781673
1821490941
2788782475
1620835921
2882635464
3145990073
1945767752
2812391845
1354318672
2889028021
2858684825
